0 15.343816
1 15.301726
2 15.310445
3 15.369518
4 15.325613
5 15.303639
6 15.314237
7 15.298603
8 15.367450
9 15.467295
10 15.343302
11 15.319795
12 15.285014
13 15.331465
14 15.288787
15 15.302546
16 15.336798
17 15.357242
18 15.459780
19 15.317348
20 15.345144
21 15.333680
22 15.300301
23 15.304300
24 15.335963
25 15.287681
26 15.325710
27 15.310614
28 15.279128
29 15.275535
30 15.330307
31 15.415572
32 15.494064
33 15.461239
34 15.346927
35 15.330840
36 15.320275
37 15.321021
38 15.294705
39 15.297296
40 15.307446
