1 0.331705
1 0.331439
1 0.331668
1 0.329956
1 0.330656
1 0.32781
1 0.326484
1 0.333968
1 0.331986
1 0.329638
2 0.16537
2 0.164974
2 0.165364
2 0.165879
2 0.165261
2 0.165659
2 0.167087
2 0.165927
2 0.167321
2 0.166672
3 0.111316
3 0.109746
3 0.110034
3 0.110443
3 0.111936
3 0.112336
3 0.111836
3 0.113534
3 0.110912
3 0.111999
4 0.0844245
4 0.083067
4 0.0830209
4 0.0828384
4 0.0834617
4 0.0839319
4 0.0835381
4 0.0842396
4 0.0841472
4 0.0847738
5 0.0687336
5 0.0675203
5 0.0686787
5 0.0679844
5 0.0671182
5 0.066542
5 0.0666316
5 0.0643459
5 0.0634592
5 0.061777
6 0.0777647
6 0.0494765
6 0.0486551
6 0.0471432
6 0.0475411
6 0.0453188
6 0.0435956
6 0.0428195
6 0.0423711
6 0.0424155
7 0.0345666
7 0.0346477
7 0.033968
7 0.0329479
7 0.032688
7 0.0611096
7 0.0387048
7 0.0317875
7 0.0364748
7 0.0511843
8 0.0477901
8 0.0242601
8 0.0243202
8 0.0243775
8 0.0447307
8 0.043798
8 0.0426302
8 0.021644
8 0.041294
8 0.0214189
9 0.0356348
9 0.0349803
9 0.0343605
9 0.0337703
9 0.0333476
9 0.032885
9 0.0321215
9 0.0317254
9 0.0313041
9 0.0273607
10 0.0273134
10 0.0273009
10 0.0269403
10 0.027033
10 0.0270433
10 0.0233665
10 0.0271823
10 0.0262454
10 0.0261141
10 0.0259879
11 0.0242743
11 0.0243807
11 0.0244508
11 0.0245694
11 0.0244651
11 0.024612
11 0.0248007
11 0.0254126
11 0.0244827
11 0.0247981
12 0.023398
12 0.0238162
12 0.023863
12 0.0237026
12 0.0239066
12 0.0237728
12 0.0227854
12 0.0240851
12 0.0237299
12 0.024138
13 0.0225042
13 0.0226792
13 0.022796
13 0.0219984
13 0.0234507
13 0.0225385
13 0.0227172
13 0.0217099
13 0.0229268
13 0.021748
14 0.0206716
14 0.0214488
14 0.0215727
14 0.0218337
14 0.0215999
14 0.0216791
14 0.0211618
14 0.0219622
14 0.0216843
14 0.0211459
15 0.0202845
15 0.0317769
15 0.020393
15 0.0199845
15 0.0200879
15 0.03242
15 0.0294005
15 0.0201776
15 0.0205415
15 0.020153
16 0.0253057
16 0.023045
16 0.0212851
16 0.0283857
16 0.0205105
16 0.0275365
16 0.020911
16 0.0288411
16 0.0211625
16 0.0270442
17 0.0244325
17 0.0249967
17 0.0213029
17 0.025213
17 0.024483
17 0.0250659
17 0.0228124
17 0.0228347
17 0.0246023
17 0.0220473
18 0.0244295
18 0.0231608
18 0.0226647
18 0.0235252
18 0.0236776
18 0.0223449
18 0.0229605
18 0.0234102
18 0.0230369
18 0.0235654
19 0.0234093
19 0.0230545
19 0.022082
19 0.0198032
19 0.0198887
19 0.0218476
19 0.0232788
19 0.0230389
19 0.0237134
19 0.0228438
20 0.0227307
20 0.0221061
20 0.0230964
20 0.0208282
20 0.0233276
20 0.0227454
20 0.0225496
20 0.021363
20 0.0227247
20 0.0225951
